# # time 	 Pearson's Coeffcient
0.000000000000000000e+00 9.999999403953552246e-01
3.003003003003000903e-06 -5.947309142599502829e-01
6.006006006006001807e-06 8.569481833061824705e-02
9.009009009009063697e-06 5.517752476104457841e-03
1.201201201201200361e-05 1.675848766505320551e-03
1.501501501501514682e-05 7.460278955164767467e-04
1.801801801801812739e-05 3.674007430566339494e-04
2.102102102102110627e-05 1.970742060946051311e-04
2.402402402402400723e-05 1.366009761930205566e-04
2.702702702702708775e-05 7.957403641227027413e-05
3.003003003003029364e-05 6.516541259730483638e-05
3.303303303303293370e-05 3.188319859607583606e-05
3.603603603603625479e-05 4.244220434124201802e-05
3.903903903903884403e-05 -1.816775585676092982e-06
4.204204204204221255e-05 5.332489872156287447e-05
4.504504504504488311e-05 -2.095669968889731299e-05
4.804804804804801445e-05 3.714598266853682407e-05
5.105105105105104416e-05 -6.920634863035364695e-06
5.405405405405417550e-05 1.259576078712261979e-05
5.705705705705654791e-05 1.786247134257419949e-05
6.006006006006058727e-05 -9.953529326386009374e-06
6.306306306306352211e-05 1.770516195698235151e-05
6.606606606606586741e-05 -1.385397533285962931e-06
6.906906906906872771e-05 6.299209543610592138e-07
7.207207207207250957e-05 1.781595117478218526e-05
7.507507507507539697e-05 4.571065513658822965e-06
7.807807807807768806e-05 -2.686983002349781563e-05
8.108108108108041283e-05 3.744262049676372328e-05
8.408408408408442510e-05 -1.757874202503358424e-05
8.708708708708710921e-05 8.850532246788370499e-06
9.009009009008976622e-05 1.409392775227521048e-06
9.309309309309349387e-05 -6.298605785826083547e-07
9.609609609609602891e-05 8.286116035982615813e-06
9.909909909909943131e-05 -1.233833668716025936e-05
1.021021021021020883e-04 1.162579312848540344e-05
1.051051051051058024e-04 -5.240384736519368997e-07
1.081081081081083510e-04 8.491212701263369994e-06
1.111111111111106014e-04 -2.004680956435578310e-05
1.141141141141130958e-04 1.282453577326296037e-05
1.171171171171164847e-04 7.664013491393006916e-06
1.201201201201211745e-04 -1.434570481747184620e-05
1.231231231231236960e-04 7.985317211615475613e-06
1.261261261261270442e-04 6.833358632126381074e-06
1.291291291291295521e-04 -3.305645561724190884e-06
1.321321321321317348e-04 -6.908703614860733921e-06
1.351351351351342427e-04 2.656883821265202623e-06
1.381381381381374554e-04 8.033168369179591678e-06
1.411411411411398278e-04 -5.397776022893670436e-06
1.441441441441450191e-04 -2.573465488708848170e-06
1.471471471471474458e-04 -1.458657920598109167e-06
1.501501501501507939e-04 1.406916628217865470e-05
1.531531531531530037e-04 -1.189328914493377984e-05
1.561561561561553761e-04 2.512247442965076516e-06
1.591591591591584262e-04 6.370463492055833399e-06
1.621621621621608257e-04 -9.544827450858051066e-06
1.651651651651664778e-04 -9.016952142282264049e-06
1.681681681681688502e-04 2.333393293822242848e-05
1.711711711711718731e-04 -1.490269940821834818e-05
1.741741741741742184e-04 1.398709592452066811e-05
1.771771771771764011e-04 -8.799114219470993703e-06
1.801801801801795324e-04 -1.021642746179551864e-05
1.831831831831818235e-04 1.420703525549053306e-05
1.861861861861869877e-04 -1.332586104574318142e-06
1.891891891891892517e-04 -7.792419612018264274e-06
1.921921921921920578e-04 4.957858728005248850e-06
1.951951951951943218e-04 8.056371669636538585e-06
1.981981981981988626e-04 -1.641616755776453829e-05
2.012012012012012621e-04 1.058787257128083506e-05
2.042042042042041766e-04 -9.120605030406755604e-06
2.072072072072092595e-04 2.231938966743933145e-05
2.102102102102116048e-04 -3.229990847112654972e-05
2.132132132132144109e-04 3.817846526984099842e-05
2.162162162162167020e-04 -4.203638988749721495e-05
2.192192192192188576e-04 3.132091616050066552e-05
2.222222222222212029e-04 -1.337354207649651092e-05
2.252252252252239277e-04 5.995236487995233548e-07
2.282282282282261916e-04 9.727824190027453327e-06
2.312312312312307324e-04 -1.439359198381525393e-05
2.342342342342329693e-04 1.235834993081515695e-05
2.372372372372358025e-04 -4.565107413497433888e-06
2.402402402402423491e-04 -1.194937736552030041e-05
2.432432432432446673e-04 2.170027303035245231e-05
2.462462462462473921e-04 -1.482780444265567080e-05
2.492492492492497645e-04 -4.377121081644563816e-06
2.522522522522540884e-04 2.012905770717073400e-05
2.552552552552564066e-04 -1.555784633996045235e-05
2.582582582582591043e-04 1.830814730574559235e-05
2.612612612612613141e-04 -3.255028580066247212e-05
2.642642642642634696e-04 2.347700818787027893e-05
2.672672672672662757e-04 -9.218463822217396269e-06
2.702702702702684855e-04 1.357781201960506223e-05
2.732732732732726468e-04 -1.642108127016446778e-05
2.762762762762749108e-04 6.645058455712060663e-06
2.792792792792774459e-04 -3.184863837731496165e-06
2.822822822822796556e-04 9.418190902721335078e-06
2.852852852852877201e-04 -3.990272007481365790e-06
2.882882882882900383e-04 -3.421513420957348568e-06
2.912912912912926275e-04 -3.369533865260621042e-06
2.942942942942948915e-04 7.151471065484453313e-06
2.972972972972989987e-04 5.285629081086540282e-07
3.003003003003015879e-04 -6.814190612362362551e-06
3.033033033033038519e-04 3.754091517353212122e-06
3.063063063063060074e-04 7.165770429695683674e-06
3.093093093093081630e-04 -1.802348693580313466e-05
3.123123123123107523e-04 2.461816845361619599e-05
3.153153153153130162e-04 -1.996836311065249353e-05
3.183183183183168523e-04 7.631580840494756046e-06
3.213213213213190621e-04 -7.045393313198644591e-07
3.243243243243216513e-04 -2.002562079569022206e-06
3.273273273273306374e-04 -5.440840811147633169e-06
3.303303303303329556e-04 1.103252396143320804e-05
3.333333333333351653e-04 -5.600267474388982883e-06
3.363363363363377004e-04 1.999808600346616221e-06
3.393393393393409944e-04 4.774823032664225572e-06
3.423423423423437462e-04 -8.209467380707971912e-06
3.453453453453454139e-04 1.434327700463218894e-06
3.483483483483484368e-04 -4.198811009548109041e-06
3.513513513513516224e-04 1.976694024933648913e-05
3.543543543543528022e-04 -2.806644325133629897e-05
3.573573573573566383e-04 2.868564494325672248e-05
3.603603603603590649e-04 -2.422633761571072947e-05
3.633633633633626299e-04 7.676683046131671517e-06
3.663663663663636470e-04 2.305392711184535776e-05
3.693693693693675373e-04 -4.335628921037226746e-05
3.723723723723739755e-04 2.706629730357216696e-05
3.753753753753779742e-04 -6.287733496609011943e-06
3.783783783783785035e-04 -2.339592574886658387e-06
3.813813813813826648e-04 1.766999693823360568e-05
3.843843843843841156e-04 -2.528297765813647402e-05
3.873873873873887649e-04 5.112277945566272117e-06
3.903903903903886436e-04 2.026757910300602816e-05
3.933933933933931302e-04 -2.255742349340413361e-05
3.963963963963977252e-04 2.242443177367474044e-05
3.993993993993977666e-04 -3.566363339898200724e-05
4.024024024024025242e-04 3.785887965405502353e-05
4.054054054054034330e-04 -1.732548895461150096e-05
4.084084084084083533e-04 -2.830809299562512807e-07
4.114114114114079609e-04 -5.695607221115987592e-06
4.144144144144185191e-04 1.311455476897075736e-05
4.174174174174176931e-04 -1.131687827093941223e-05
4.204204204204232097e-04 9.355187416737464901e-06
4.234234234234222211e-04 -6.245886080039990226e-06
4.264264264264288219e-04 -6.709142574834459083e-08
4.294294294294276706e-04 1.163977364930975608e-05
4.324324324324334040e-04 -1.384555580615417189e-05
4.354354354354320901e-04 5.713727016187775121e-06
4.384384384384377152e-04 1.869764194436148278e-06
4.414414414414435570e-04 -1.221699493066571127e-05
4.444444444444424058e-04 1.607291808092270458e-05
4.474474474474494944e-04 -1.195625756815014465e-05
4.504504504504478553e-04 8.047020451466361051e-06
4.534534534534541850e-04 -8.377073112445879515e-06
4.564564564564523833e-04 1.436301087665015075e-05
4.594594594594634293e-04 -9.550835587290862350e-06
4.624624624624614649e-04 1.523609523083428338e-06
4.654654654654680115e-04 -5.590658651873543952e-06
4.684684684684659386e-04 1.710434271551264374e-06
4.714714714714734610e-04 4.106817381573553596e-06
4.744744744744716050e-04 4.405333751122952890e-07
4.774774774774780974e-04 -3.201356255644327575e-06
4.804804804804846982e-04 6.313621877159410381e-06
4.834834834834824085e-04 -1.041457386700509909e-06
4.864864864864893346e-04 -1.125839027515951329e-05
4.894894894894868823e-04 1.089735994056854376e-05
4.924924924924947841e-04 -1.802360036003610239e-05
4.954954954954922776e-04 3.348352233463932481e-05
4.984984984984995289e-04 -2.416156086900341299e-05
5.015015015014968056e-04 4.334702918384891746e-06
5.045045045045081769e-04 6.008594439258867034e-06
5.075075075075056704e-04 -2.023759195500056046e-05
5.105105105105128133e-04 2.340772086110535705e-05
5.135135135135109573e-04 8.393621828102956401e-06
5.165165165165182086e-04 -4.290234590135592196e-05
5.195195195195153768e-04 3.983577594723897164e-05
5.225225225225226281e-04 -1.148601574652019508e-05
5.255255255255300963e-04 -7.197903184893069031e-06
5.285285285285269393e-04 9.322005543488387502e-06
5.315315315315347327e-04 -5.139347813987171776e-07
5.345345345345325514e-04 -9.658391906697261220e-06
5.375375375375401280e-04 9.517836504565243744e-06
5.405405405405369710e-04 -6.565412261535137808e-06
5.435435435435446560e-04 1.671847132437657587e-06
5.465465465465452937e-04 1.984991727728887316e-06
5.495495495495530871e-04 4.572469859039547849e-06
5.525525525525498216e-04 -1.159105465331489171e-05
5.555555555555576151e-04 1.092922687728759001e-05
5.585585585585548917e-04 -7.579232129906188220e-06
5.615615615615631188e-04 -4.868899389739074671e-06
5.645645645645593113e-04 2.348333501152784569e-05
5.675675675675674299e-04 -2.195177333334334330e-05
5.705705705705754402e-04 1.346236380313688660e-05
5.735735735735718495e-04 -1.549618456753165674e-05
5.765765765765800766e-04 1.899722905355597954e-06
5.795795795795770280e-04 1.769912460295823203e-05
5.825825825825852551e-04 -1.333581684311487511e-05
5.855855855855814475e-04 -6.144731511170675731e-06
5.885885885885897830e-04 2.208849455254124905e-05
5.915915915915894449e-04 -2.639611326967402155e-05
5.945945945945979973e-04 2.219397703736210664e-05
5.975975975975939729e-04 -7.883047503505954596e-06
6.006006006006031758e-04 -2.325682030660895190e-06
6.036036036035989346e-04 -2.091855772305232459e-06
6.066066066066077038e-04 -4.534186467915664501e-06
6.096096096096033541e-04 1.332397885948447860e-05
6.126126126126120149e-04 -2.961115634025901500e-06
6.156156156156205672e-04 -9.584785352956259885e-06
6.186186186186163260e-04 1.371850859469003758e-05
6.216216216216250952e-04 -8.441453356766714933e-06
6.246246246246215045e-04 -7.283693893504287850e-06
6.276276276276304905e-04 1.846167447538960005e-05
6.306306306306260325e-04 -1.421342580802213187e-05
6.336336336336382711e-04 4.795050658164730542e-06
6.366366366366337046e-04 1.095630457470520014e-06
6.396396396396427991e-04 6.132841202507084879e-06
6.426426426426381242e-04 -2.344196411000846675e-05
6.456456456456478692e-04 2.631721363159182298e-05
6.486486486486433027e-04 -2.600081523270366196e-05
6.516516516516522887e-04 2.314043843624584079e-05
6.546546546546612748e-04 2.865105438824381836e-07
6.576576576576569251e-04 -9.718097875014800407e-06
6.606606606606659111e-04 8.039710090261091547e-08
6.636636636636610194e-04 4.550126851595355695e-06
6.666666666666703307e-04 -5.961555440118597268e-06
6.696696696696668484e-04 -1.041213995171356595e-06
6.726726726726754008e-04 1.415668999316110899e-05
6.756756756756705090e-04 -1.968637894271880841e-05
6.786786786786819887e-04 1.700561188788807243e-05
6.816816816816792654e-04 -1.923881650696864304e-05
6.846846846846874925e-04 2.264536685644043606e-05
6.876876876876831428e-04 -2.277183052198002505e-05
6.906906906906908278e-04 2.524612594001496291e-05
6.936936936936891887e-04 -1.455130865342842658e-05
6.966966966966968737e-04 -5.559208317388690354e-06
6.996996996997045587e-04 1.114106208562522757e-05
7.027027027027032448e-04 -1.490434138477307210e-06
7.057057057057109298e-04 -9.597799660809869238e-06
7.087087087087056043e-04 1.027996024749455728e-05
7.117117117117137230e-04 -5.642191043264688233e-07
7.147147147147132765e-04 -1.121008761558369390e-05
7.177177177177204194e-04 1.369907525846277527e-05
7.207207207207181297e-04 -1.385121357107740001e-05
7.237237237237249474e-04 2.098911990907244635e-05
7.267267267267252598e-04 -2.459079566174970921e-05
7.297297297297321858e-04 1.557929280782133219e-05
7.327327327327272941e-04 6.210455526141818630e-06
7.357357357357340033e-04 -1.059303150160081050e-05
7.387387387387350747e-04 -2.777966299068642446e-06
7.417417417417416755e-04 -5.367283353467182203e-06
7.447447447447479510e-04 2.031011581922944137e-05
7.477477477477495645e-04 -1.239895873572649521e-05
7.507507507507559484e-04 -1.059376496748143381e-06
7.537537537537509482e-04 3.624211964462868092e-06
7.567567567567570069e-04 -1.213031534693283750e-05
7.597597597597591625e-04 2.471791855662245835e-05
7.627627627627653296e-04 -1.741282895532473768e-05
7.657657657657623894e-04 5.134966930183300540e-06
7.687687687687682313e-04 -9.506988057979745194e-06
7.717717717717711458e-04 4.284743832331609589e-06
7.747747747747775297e-04 9.323164306647887728e-06
7.777777777777716622e-04 -3.194294362759050092e-06
7.807807807807772872e-04 -6.807701637967511488e-07
7.837837837837806354e-04 -9.364541335266096667e-06
7.867867867867862604e-04 3.272890155410953288e-06
7.897897897897915602e-04 2.106406135893301723e-05
7.927927927927954505e-04 -2.328899761668464313e-05
7.957957957958008586e-04 5.253058184070032346e-06
7.987987987987955332e-04 1.790536980905699238e-06
8.018018018018007245e-04 -4.831123144496037205e-06
8.048048048048050485e-04 -5.441094019934904033e-06
8.078078078078129503e-04 2.799492949471608577e-05
8.108108108108068660e-04 -2.858851054998723384e-05
8.138138138138118404e-04 9.929113821434873061e-06
8.168168168168167065e-04 5.822667172121024376e-07
8.198198198198221147e-04 4.497836609533105254e-06
8.228228228228159219e-04 -1.411544973047481297e-05
8.258258258258206795e-04 1.625075998804940619e-05
8.288288288288370382e-04 -8.813408613509802008e-06
8.318318318318308454e-04 1.247579020646760739e-06
8.348348348348353862e-04 5.619166419575567964e-06
8.378378378378413364e-04 -1.706983822084377417e-05
8.408408408408464194e-04 2.258135421170000617e-05
8.438438438438401181e-04 -7.786959834277240589e-06
8.468468468468444421e-04 -1.353347191942096520e-06
8.498498498498508261e-04 -1.658656430928810360e-05
8.528528528528576437e-04 2.766706996126799822e-05
8.558558558558511256e-04 -1.857096809591378056e-05
8.588588588588553412e-04 -3.290205727128163163e-07
8.618618618618629178e-04 2.206570394264195656e-05
8.648648648648668081e-04 -2.273093712841974329e-05
8.678678678678605068e-04 7.927533592540688873e-06
8.708708708708641803e-04 -8.308385731551718250e-06
8.738738738738819484e-04 2.476935486879957088e-05
8.768768768768754303e-04 -3.086756244652377745e-05
8.798798798798791038e-04 2.039256119346077867e-05
8.828828828828871140e-04 -1.992048083643283007e-05
8.858858858858911127e-04 3.472529332230559629e-05
8.888888888888848115e-04 -4.727878769461568709e-05
8.918918918918881597e-04 4.401396116312147189e-05
8.948948948948989889e-04 -2.924030602606079649e-05
8.978978978979022287e-04 1.030140658050034649e-05
9.009009009008957106e-04 1.431756614889145851e-05
9.039039039038989504e-04 -2.950940609617684268e-05
9.069069069069083701e-04 3.091939359419389877e-05
9.099099099099113930e-04 -2.596820181066661348e-05
9.129129129129047665e-04 4.612633863606181897e-06
9.159159159159076810e-04 1.566816578864778725e-05
9.189189189189268586e-04 1.541737011242124259e-06
9.219219219219202321e-04 -3.169177478253478586e-05
9.249249249249229298e-04 2.763035233025827248e-05
9.279279279279332169e-04 -9.588961476699371412e-07
9.309309309309360229e-04 -1.105328864111262097e-05
9.339339339339292881e-04 6.122231137458318720e-06
9.369369369369318773e-04 9.300706250196336483e-06
9.399399399399443328e-04 -3.679723210462763216e-05
9.429429429429469220e-04 3.803213342212785619e-05
9.459459459459401871e-04 -4.919195658222482073e-06
9.489489489489432101e-04 -9.587104546682212458e-06
9.519519519519537140e-04 2.887732502898643361e-06
9.549549549549561948e-04 6.027582371300373345e-06
9.579579579579492431e-04 -2.348339466351490046e-05
9.609609609609693964e-04 3.265525043335178868e-05
9.639639639639716604e-04 -2.018058029396030406e-05
9.669669669669648171e-04 5.590731415890577885e-06
9.699699699699669726e-04 -1.588525021152994150e-07
9.729729729729786692e-04 5.646493475452984967e-06
9.759759759759809332e-04 -1.012016633827883538e-05
9.789789789789737646e-04 1.524030045274571421e-06
9.819819819819779801e-04 -1.548089064347853502e-08
9.849849849849895683e-04 2.399766421431100742e-06
9.879879879879916154e-04 3.040300800375798314e-06
9.909909909909845552e-04 -5.520234601430473731e-06
9.939939939939870361e-04 1.184677403761232559e-05
9.969969969969990579e-04 -2.428425282315534522e-05
1.000000000000000671e-03 2.300781240371918557e-05
1.003003003002993611e-03 -7.840957328753006550e-06
1.006006006006014740e-03 -4.750635825094088874e-07
1.009009009009016354e-03 -6.881943791133456872e-07
1.012012012012009294e-03 -1.226205771564144568e-06
1.015015015015011341e-03 6.693251888216049203e-06
1.018018018018024230e-03 -9.395095126180086353e-07
1.021021021021025627e-03 -1.528592192804693534e-05
1.024024024024018350e-03 1.286009518312406821e-05
1.027027027027021915e-03 5.308618224416268752e-06
1.030030030030035021e-03 -6.753099537348816739e-07
1.033033033033036417e-03 -1.815337146560125348e-05
1.036036036036029574e-03 2.956815620169805925e-05
1.039039039039030754e-03 -3.586444507449234454e-05
1.042042042042044293e-03 3.636431024744979368e-05
1.045045045045045256e-03 -3.044662214094865854e-05
1.048048048048046653e-03 1.403253540595746604e-05
1.051051051051060193e-03 -4.940454510826697287e-06
1.054054054054061372e-03 1.305817494549425287e-05
1.057057057057053879e-03 -7.377291639206380772e-06
1.060060060060055492e-03 -1.112777006362364318e-05
1.063063063063069465e-03 1.415051376380113343e-05
1.066066066066070428e-03 -4.339014520719312693e-06
1.069069069069065103e-03 -7.426434287009324273e-06
1.072072072072065849e-03 3.536986668291793638e-06
1.075075075075080256e-03 2.110264116694793302e-05
1.078078078078081002e-03 -2.991633919955753379e-05
1.081081081081073942e-03 7.579348941947709570e-06
1.084084084084074688e-03 1.272337165099853526e-05
1.087087087087089312e-03 -7.120005382462342616e-06
1.090090090090089841e-03 -1.584123825063936047e-05
1.093093093093090587e-03 2.259415255882283796e-05
1.096096096096105428e-03 6.991127791469708974e-06
1.099099099099106174e-03 -3.435443674219366283e-05
1.102102102102099114e-03 2.859809157595982754e-05
1.105105105105099643e-03 -6.476629989056921679e-06
1.108108108108114701e-03 -1.217814230140371914e-05
1.111111111111115230e-03 2.032601020118818269e-05
1.114114114114109471e-03 -1.802277588917415224e-05
1.117117117117109783e-03 9.470533689418894979e-06
1.120120120120125492e-03 -1.038137912287573350e-05
1.123123123123126238e-03 2.122902516843439003e-05
1.126126126126118310e-03 -2.272904785238782921e-05
1.129129129129118623e-03 1.475125896706804515e-05
1.132132132132134547e-03 -1.479106191269267437e-05
1.135135135135134860e-03 3.021810862972411010e-05
1.138138138138134739e-03 -3.969622615211202554e-05
1.141141141141150880e-03 2.878078591095345473e-05
1.144144144144150976e-03 -1.211413694749789197e-05
1.147147147147143699e-03 5.999120570384282494e-06
1.150150150150143795e-03 -1.165586776889308321e-05
1.153153153153160153e-03 1.333924522410138461e-05
1.156156156156161767e-03 -3.855934043173192549e-06
1.159159159159154056e-03 -6.038789039042313789e-06
1.162162162162153935e-03 7.218009285381299378e-06
1.165165165165170510e-03 8.586926660688240149e-06
1.168168168168170823e-03 -2.680463147279136743e-05
1.171171171171162895e-03 2.265894409090677891e-05
1.174174174174162774e-03 -1.297967453221341752e-05
1.177177177177179566e-03 2.347327098917162402e-06
1.180180180180179445e-03 2.136554911095582193e-05
1.183183183183178890e-03 -4.130009351192379807e-05
1.186186186186196116e-03 3.932318466966696480e-05
1.189189189189195995e-03 -1.794674830339164012e-05
1.192192192192188284e-03 1.363316095896275651e-05
1.195195195195187946e-03 -1.984597740515662773e-05
1.198198198198205172e-03 -1.225747153073738053e-06
1.201201201201206352e-03 1.308309989508001611e-05
1.204204204204198424e-03 1.163550567895299537e-06
1.207207207207197869e-03 -1.041773433992550754e-05
1.210210210210215962e-03 9.232018701473462458e-06
1.213213213213215408e-03 -1.531338158130187258e-06
1.216216216216207480e-03 -3.083699901799500605e-06
1.219219219219206708e-03 1.212106357432555678e-06
1.222222222222231957e-03 -9.497344152601764150e-06
1.225225225225224030e-03 1.325064222701399785e-05
1.228228228228223258e-03 2.131615890406853359e-05
1.231231231231241134e-03 -6.023888392962343385e-05
1.234234234234240796e-03 4.962721916050109183e-05
1.237237237237232652e-03 -8.521439980905634953e-06
1.240240240240232097e-03 -1.935163722991776675e-05
1.243243243243250190e-03 2.808637681687524074e-05
1.246246246246251153e-03 -2.514345507294753551e-05
1.249249249249243009e-03 1.487146379730575063e-05
1.252252252252242020e-03 -5.725491604676354221e-06
1.255255255255260981e-03 -3.196369858275242233e-06
1.258258258258259992e-03 1.258445694348372076e-05
1.261261261261252065e-03 -1.522366318044513814e-05
1.264264264264250643e-03 1.787302966723321523e-05
1.267267267267276542e-03 -1.811940306654473071e-05
1.270270270270268615e-03 6.911910282939952119e-06
1.273273273273267409e-03 1.540428990409736798e-05
1.276276276276286804e-03 -3.483230701243714844e-05
1.279279279279285598e-03 3.516942533850671981e-05
1.282282282282277454e-03 -3.665360606793418430e-05
1.285285285285276248e-03 3.343755751868589943e-05
1.288288288288296944e-03 -1.086583891544516159e-05
1.291291291291295738e-03 7.305240259528981803e-06
1.294294294294287594e-03 -1.455318199372612753e-05
1.297297297297286605e-03 9.868049287338938081e-07
1.300300300300306000e-03 1.216489236514443387e-05
1.303303303303304577e-03 -7.373015336598065517e-06
1.306306306306296650e-03 -1.354718908549064868e-05
1.309309309309322550e-03 2.637152972321625194e-05
1.312312312312321344e-03 -1.894401896303706328e-05
1.315315315315313850e-03 1.225307447416668083e-05
1.318318318318311777e-03 -4.444285362836808417e-06
1.321321321321331822e-03 -7.783330567020149332e-06
1.324324324324329316e-03 1.029982875707287879e-05
1.327327327327322039e-03 -1.266197361671217436e-05
1.330330330330323219e-03 1.769529651933036613e-05
1.333333333333340661e-03 -5.847062184057468151e-06
1.336336336336340323e-03 -7.428799548255445209e-06
1.339339339339333697e-03 3.835769966246497895e-06
1.342342342342330757e-03 2.969499089242969798e-06
1.345345345345350802e-03 -4.801721992464536015e-06
1.348348348348347428e-03 4.747586230665253218e-06
1.351351351351341018e-03 -4.265673833418285974e-06
1.354354354354368002e-03 -3.487169806248857640e-07
1.357357357357363977e-03 -6.493209228732495411e-06
1.360360360360357785e-03 2.331436666006917941e-05
1.363363363363358531e-03 -1.877903203502858181e-05
1.366366366366374022e-03 -4.225692360767159719e-06
1.369369369369374985e-03 3.407713428001576250e-05
1.372372372372369443e-03 -4.596586179654119786e-05
1.375375375375366286e-03 2.337104966967928910e-05
1.378378378378386981e-03 -8.488688660879262216e-06
1.381381381381381656e-03 1.480119514648177945e-05
1.384384384384376764e-03 -2.558348911296803863e-05
1.387387387387378377e-03 3.222652030299144599e-05
1.390390390390392568e-03 -2.336934814336129668e-05
1.393393393393393747e-03 7.046452065839758916e-06
1.396396396396395794e-03 1.302585129418313595e-05
1.399399399399409117e-03 -3.169512514059983499e-05
1.402402402402410731e-03 2.718681906466180465e-05
1.405405405405406490e-03 -6.569962707203558239e-08
1.408408408408400730e-03 -2.092373667639257917e-05
1.411411411411421860e-03 1.799357063673549456e-05
1.414414414414415233e-03 -1.511070746514538674e-05
1.417417417417411209e-03 2.763376147759307250e-05
1.420420420420414991e-03 -1.672109164137699017e-05
1.423423423423427446e-03 -1.633568295685468646e-05
1.426426426426429493e-03 2.021920230014610448e-05
1.429429429429426553e-03 3.120696952278271492e-06
1.432432432432419059e-03 -2.237194793478873217e-05
1.435435435435440839e-03 2.164941779928912163e-05
1.438438438438433128e-03 -8.599896016055671427e-07
1.441441441441436259e-03 -2.261053246262652655e-05
1.444444444444458039e-03 1.822922732290048126e-05
1.447447447447449895e-03 -2.693928883283162275e-06
1.450450450450446955e-03 1.619504320456617924e-05
1.453453453453450520e-03 -2.933596796565278092e-05
1.456456456456461023e-03 3.450559884162392865e-05
1.459459459459464372e-03 -4.696539667057205569e-05
1.462462462462463383e-03 4.386579615041815561e-05
1.465465465465454588e-03 -2.493172379312384374e-05
1.468468468468477018e-03 3.085014562254073667e-06
1.471471471471468007e-03 5.960782161492280032e-06
1.474474474474465934e-03 1.169983523498692965e-05
1.477477477477470149e-03 -2.785670019382162005e-05
1.480480480480479135e-03 8.575903912344529090e-06
1.483483483483483351e-03 2.630901662747930914e-05
1.486486486486487133e-03 -3.018828226567886114e-05
1.489489489489495902e-03 8.705498421098431167e-06
1.492492492492500334e-03 5.379972674468547211e-06
1.495495495495499129e-03 -1.910051919790101138e-05
1.498498498498489250e-03 3.083109701051967022e-05
1.501501501501511897e-03 -2.140823836590162804e-05
1.504504504504502885e-03 7.152981387055963772e-06
1.507507507507501896e-03 -8.682214380624960954e-06
1.510510510510506546e-03 1.408630909338626225e-05
1.513513513513514014e-03 -1.652188635000347366e-05
1.516516516516519314e-03 2.633746752600529817e-05
1.519519519519518325e-03 -3.074674674585775591e-05
1.522522522522507795e-03 1.659725217617591397e-05
1.525525525525530659e-03 1.648522061969970309e-06
1.528528528528536176e-03 -1.389970163974870407e-05
1.531531531531524779e-03 1.538115473387335896e-05
1.534534534534548076e-03 -1.581117393045783359e-05
1.537537537537536463e-03 2.810724906824694708e-05
1.540540540540536558e-03 -3.495675921180718682e-05
1.543543543543542292e-03 2.627644266617323865e-05
1.546546546546548025e-03 -1.259035427795633136e-05
1.549549549549555059e-03 2.206836244115587771e-06
1.552552552552555372e-03 -7.358223133024921481e-07
1.555555555555543324e-03 9.470332384390692609e-06
1.558558558558566622e-03 -2.208215877086416867e-05
1.561561561561554574e-03 1.547696804789685038e-05
1.564564564564555104e-03 1.987444989063706297e-05
1.567567567567561271e-03 -3.819832795196968089e-05
1.570570570570571775e-03 2.102335636015399339e-05
1.573573573573572521e-03 -1.088206932446193245e-05
1.576576576576578688e-03 1.179452320447064476e-05
1.579579579579583120e-03 -9.898019182571124092e-06
1.582582582582589938e-03 7.690483297295713783e-06
1.585585585585590901e-03 2.860655759976774799e-06
1.588588588588577986e-03 -2.205213766792724073e-05
1.591591591591601717e-03 3.598632534126030425e-05
1.594594594594589453e-03 -2.642449597341685680e-05
1.597597597597591066e-03 5.962256514576343327e-06
1.600600600600597884e-03 -4.870583127776957802e-06
1.603603603603601449e-03 1.322894150668219027e-05
1.606606606606608484e-03 -7.661527039459770094e-06
1.609609609609610097e-03 -1.119264517400001860e-05
1.612612612612596315e-03 2.252459444429533164e-05
1.615615615615625901e-03 -1.349077172677996297e-05
1.618618618618627948e-03 1.196503134985131037e-05
1.621621621621613732e-03 -2.061612565462667135e-05
1.624624624624637680e-03 7.701413491526901494e-06
1.627627627627623681e-03 6.549016755267682108e-06
1.630630630630625945e-03 -9.661578759849001968e-06
1.633633633633633413e-03 1.324107611096655110e-05
1.636636636636636761e-03 -2.197222153448493469e-06
1.639639639639644229e-03 -1.593530562852644644e-05
1.642642642642647144e-03 2.642991775495910284e-05
1.645645645645631844e-03 -2.699168511218393368e-05
1.648648648648656659e-03 1.253334477742858685e-05
1.651651651651641359e-03 7.339129824757151255e-06
1.654654654654644274e-03 -1.572900369787670266e-05
1.657657657657674076e-03 6.461611105734732519e-06
1.660660660660658559e-03 1.058438947835564117e-05
1.663663663663661691e-03 -1.482537694741381529e-05
1.666666666666669809e-03 -6.447591875513580817e-06
1.669669669669670772e-03 3.654304463995838859e-05
1.672672672672679108e-03 -4.101381500820622250e-05
1.675675675675682673e-03 1.879322547685783812e-05
1.678678678678666505e-03 -9.671169312645369969e-06
1.681681681681692839e-03 1.798905773379525991e-05
1.684684684684676454e-03 -9.650431186318067872e-06
1.687687687687680236e-03 -8.937373461452105899e-06
1.690690690690689222e-03 1.331983658037216856e-05
1.693693693693688884e-03 -2.891923482314003639e-06
1.696696696696697653e-03 -1.020680172617952944e-05
1.699699699699701652e-03 1.038666594036878091e-05
1.702702702702706085e-03 -8.316704321849796217e-06
1.705705705705715287e-03 2.402933085399183710e-05
1.708708708708719286e-03 -2.437091379329607216e-05
1.711711711711702251e-03 -1.580720721783279714e-05
1.714714714714727717e-03 4.865714495376020221e-05
1.717717717717710682e-03 -5.870440514025668943e-05
1.720720720720715115e-03 6.264900016184071774e-05
1.723723723723725836e-03 -4.321457637305551469e-05
1.726726726726724196e-03 6.056976343038478205e-06
1.729729729729733616e-03 1.893924724261086823e-05
1.732732732732738265e-03 -9.246471684321022622e-06
1.735735735735721014e-03 -1.947207568129642391e-05
1.738738738738746263e-03 2.749816908827658685e-05
1.741741741741728361e-03 -1.301139816630344190e-05
1.744744744744733227e-03 6.429254658435468173e-06
1.747747747747763897e-03 -2.484508227566332644e-05
1.750750750750745778e-03 2.676022968047438516e-05
1.753753753753750861e-03 7.216460751635622728e-06
1.756756756756761365e-03 -2.539394612514437805e-05
1.759759759759758208e-03 2.277104936343476993e-05
1.762762762762768711e-03 -2.940177657695386415e-05
1.765765765765774228e-03 2.191405435536530888e-05
1.768768768768756543e-03 9.241272298510239125e-06
1.771771771771782225e-03 -3.253197753968114359e-05
1.774774774774763456e-03 3.913124155315491482e-05
1.777777777777769623e-03 -2.578104875220847342e-05
1.780780780780780127e-03 4.396627650393725162e-06
1.783783783783776319e-03 -2.519391664179693180e-06
1.786786786786786823e-03 5.263050720571982311e-06
1.789789789789797978e-03 1.803759215472193086e-06
1.792792792792793737e-03 2.468043466115806599e-06
1.795795795795804457e-03 -3.923354222242399394e-06
1.798798798798810841e-03 -5.910340314792724051e-06
1.801801801801791421e-03 -1.103231733997252737e-05
1.804804804804817538e-03 3.518428568079675489e-05
1.807807807807797901e-03 -2.865182988228317035e-05
1.810810810810805369e-03 8.493341978906462559e-06
1.813813813813816740e-03 -1.254648464800907878e-05
1.816816816816811632e-03 4.527456604153101694e-05
1.819819819819822786e-03 -6.072149384076889345e-05
1.822822822822829820e-03 4.861371617259635514e-05
1.825825825825809533e-03 -3.558097102936604717e-05
1.828828828828835866e-03 2.672498932495178187e-05
1.831831831831815362e-03 -1.669693589271640727e-05
1.834834834834827384e-03 1.092939016652157666e-05
1.837837837837853717e-03 -1.232692367765982586e-05
1.840840840840833213e-03 5.504917484522309223e-06
1.843843843843840464e-03 1.104428184461880846e-05
1.846846846846852269e-03 -1.966290069551253700e-05
1.849849849849845860e-03 1.410782033824572143e-05
1.852852852852857881e-03 3.247107708048702079e-06
1.855855855855866434e-03 -3.251298333376932004e-05
1.858858858858845496e-03 5.229886969034443911e-05
1.861861861861872046e-03 -4.843678502937839159e-05
1.864864864864851325e-03 3.204621655920428946e-05
1.867867867867858576e-03 -2.107567140334036177e-05
1.870870870870870598e-03 3.664860430522646351e-05
1.873873873873863755e-03 -5.316609190971396248e-05
1.876876876876876427e-03 4.414135298608234947e-05
1.879879879879888666e-03 -2.453225600855072836e-05
1.882882882882881389e-03 2.654690940998941880e-06
1.885885885885893844e-03 9.410629302375461691e-06
1.888888888888902396e-03 -2.984658494871913252e-06
1.891891891891880374e-03 -1.213527540781337602e-05
1.894894894894907358e-03 1.402199925918760395e-05
1.897897897897886420e-03 -5.677221292928654087e-06
1.900900900900894539e-03 5.003352124166582371e-06
1.903903903903907428e-03 -4.936477223438373585e-06
1.906906906906899284e-03 1.793473718040653958e-05
1.909909909909912390e-03 -3.205128252966223801e-05
1.912912912912920725e-03 1.760946494933079975e-05
1.915915915915898486e-03 -3.949878294662312328e-06
1.918918918918930024e-03 7.743712433801638512e-06
1.921921921921938793e-03 -1.479673700240565457e-05
1.924924924924916120e-03 2.055363884378991202e-05
1.927927927927943321e-03 -1.431233328289908438e-05
1.930930930930920865e-03 1.073895699181074855e-06
1.933933933933929634e-03 8.274043863091643330e-06
1.936936936936942957e-03 -8.157055067847807095e-06
1.939939939939933945e-03 -5.167135749791403235e-06
1.942942942942948352e-03 1.155601230958443712e-05
1.945945945945957338e-03 -8.906244717129160521e-06
1.948948948948934232e-03 3.439369969271410810e-06
1.951951951951961866e-03 4.420494258935055334e-06
1.954954954954938543e-03 1.747495370333733072e-05
1.957957957957947529e-03 -5.775877901662932612e-05
1.960960960960961286e-03 5.453852888740821225e-05
1.963963963963955960e-03 -1.730001899513666785e-05
1.966966966966965814e-03 7.652814149790762216e-06
1.969969969969979137e-03 -3.143949143809739855e-05
1.972972972972969474e-03 4.845772414130422590e-05
1.975975975975983231e-03 -2.587732847706784506e-05
1.978978978978993084e-03 -3.396151674954032284e-05
1.981981981981969110e-03 7.551252599672746136e-05
1.984984984984996745e-03 -5.512038462522165372e-05
1.987987987987974072e-03 1.024574791289959744e-05
1.990990990990983926e-03 7.255167551326972650e-06
1.993993993993998116e-03 -2.200159620713293407e-06
1.996996996996987152e-03 -4.412848687055752159e-06
2.000000000000001343e-03 -3.780385726089482194e-06
2.003003003003011630e-03 2.537237430288996620e-05
2.006006006005987222e-03 -1.818210546655762982e-05
2.009009009009019627e-03 -6.934970394093890697e-06
2.012012012012029481e-03 -6.530017269750984510e-07
2.015015015015005073e-03 1.760560461831299145e-05
2.018018018018032708e-03 -2.372588748622561639e-05
2.021021021021008300e-03 2.689555515522634721e-05
2.024024024024018587e-03 -1.410207761291341380e-05
2.027027027027033645e-03 -1.334290682801035113e-05
2.030030030030022681e-03 3.243439195051619339e-05
2.033033033033037739e-03 -3.245329160620850228e-05
2.036036036036048460e-03 2.708834127303679301e-05
2.039039039039023185e-03 -1.252417445959016182e-05
2.042042042042051253e-03 4.583436107097327294e-06
2.045045045045025978e-03 -2.423298802778361960e-05
2.048048048048036699e-03 1.820778591365979082e-05
2.051051051051069538e-03 1.974270382435842558e-05
2.054054054054043829e-03 -2.819325483590280973e-05
2.057057057057054984e-03 1.172788662924991418e-05
2.060060060060070041e-03 -3.879252311970541869e-07
2.063063063063057343e-03 -6.690283817315881860e-07
2.066066066066072834e-03 -1.194839741532523722e-05
2.069069069069083989e-03 3.120715461690792836e-05
2.072072072072059148e-03 -2.828503900646299124e-05
2.075075075075087216e-03 -1.727337481916002560e-05
2.078078078078061507e-03 5.692387302384342018e-05
2.081081081081072662e-03 -3.719305932185316277e-05
2.084084084084088587e-03 -7.493264382318898242e-07
2.087087087087075455e-03 9.098618030556337999e-06
2.090090090090090513e-03 2.647552911664667004e-06
2.093093093093102101e-03 -2.116906634726707997e-05
2.096096096096093306e-03 6.877196264317338339e-06
2.099099099099108797e-03 4.214759120972170347e-05
2.102102102102120385e-03 -6.057087261979177129e-05
2.105105105105093809e-03 3.025803517364700213e-05
2.108108108108122745e-03 7.438969206556104816e-06
2.111111111111096169e-03 -2.055381948077676307e-05
2.114114114114107757e-03 2.764338164655081792e-05
2.117117117117124983e-03 -2.198482909676613417e-05
2.120120120120110984e-03 -1.095651752347492902e-05
2.123123123123126909e-03 2.198869091903550915e-05
2.126126126126138931e-03 -7.675245437728980252e-07
2.129129129129111921e-03 -5.481483782728465051e-06
2.132132132132140857e-03 -9.047834172104529671e-06
2.135135135135113847e-03 8.906992198021157492e-06
2.138138138138130206e-03 2.040730648681747178e-05
2.141141141141159141e-03 -3.978977309611794044e-05
2.144144144144131698e-03 1.968322120878459108e-05
2.147147147147144153e-03 6.143404731891640061e-06
2.150150150150160512e-03 -8.969462543510312385e-06
2.153153153153145646e-03 -6.571537383592840342e-06
2.156156156156162004e-03 9.211449771839852474e-06
2.159159159159174460e-03 5.817274588260090695e-06
2.162162162162147884e-03 8.052113033822175608e-06
2.165165165165176819e-03 -2.944735571948816150e-05
2.168168168168149376e-03 1.876066644079799062e-05
2.171171171171162265e-03 -7.467423785693465085e-06
2.174174174174178624e-03 3.426517891350992169e-06
2.177177177177163324e-03 2.145784414272118928e-05
2.180180180180179682e-03 -4.587971594416373478e-05
2.183183183183196908e-03 4.313446891638742653e-05
2.186186186186181175e-03 -3.299621279969263543e-05
2.189189189189197967e-03 2.155429093090669918e-05
2.192192192192210856e-03 -1.299341940116013025e-05
2.195195195195182979e-03 -4.935721310772578363e-06
2.198198198198212348e-03 3.359157700166814919e-05
2.201201201201184038e-03 -1.853186175212092129e-05
2.204204204204198228e-03 -2.781340855110651329e-06
2.207207207207215020e-03 -1.989113882612987899e-05
2.210210210210199287e-03 3.030785729762897063e-05
2.213213213213216079e-03 -1.050566439094365553e-05
2.216216216216229402e-03 -1.415710295275355615e-05
2.219219219219201091e-03 1.716552609565269449e-05
2.222222222222230460e-03 2.247237171755974476e-06
2.225225225225247686e-03 -3.659936295363763747e-06
2.228228228228218942e-03 4.170013531516285057e-07
2.231231231231248311e-03 -1.334661967344885625e-05
2.234234234234219567e-03 2.906249329489203964e-05
2.237237237237233323e-03 -5.362222465542706285e-05
2.240240240240250983e-03 6.527121053393851447e-05
2.243243243243233948e-03 -4.609788961573713095e-05
2.246246246246252475e-03 3.116305710607984036e-05
2.249249249249265798e-03 -3.742470927929156954e-05
2.252252252252236620e-03 4.576861674869073948e-05
2.255255255255266423e-03 -3.771083576046644492e-05
2.258258258258237245e-03 -4.555972887843040553e-07
2.261261261261251435e-03 4.119354495098666991e-05
2.264264264264269095e-03 -3.745251645052386646e-05
2.267267267267251193e-03 1.743519645251249622e-05
2.270270270270269720e-03 -2.230814781937577246e-05
2.273273273273287379e-03 4.372328109643793670e-05
2.276276276276269477e-03 -6.921722573481152430e-05
2.279279279279287137e-03 6.663660373540380988e-05
2.282282282282301761e-03 -2.153557188459368982e-05
2.285285285285272149e-03 1.286897816754617452e-06
2.288288288288301952e-03 -8.038563097242009875e-06
2.291291291291272774e-03 -9.834968703141081320e-06
2.294294294294287398e-03 -1.334230867862847395e-06
2.297297297297305491e-03 2.842181668564573366e-05
2.300300300300287589e-03 -5.211733614155870761e-06
2.303303303303305249e-03 -2.154828251847244397e-05
2.306306306306320306e-03 2.828990556027107323e-05
2.309309309309289827e-03 -2.040048507723213334e-05
2.312312312312323533e-03 -1.368479127409708876e-05
2.315315315315338591e-03 4.664130317899584099e-05
2.318318318318308112e-03 -5.812649808708177790e-05
2.321321321321337915e-03 4.368448071249512321e-05
2.324324324324307869e-03 -3.381920589558736612e-05
2.327327327327322493e-03 6.804034380773298074e-05
2.330330330330341020e-03 -1.099427016013621028e-04
2.333333333333322251e-03 1.074196667794069526e-04
2.336336336336341645e-03 -5.992995701416722188e-05
2.339339339339356703e-03 1.349627512799619031e-05
2.342342342342325790e-03 1.505932626836662716e-05
2.345345345345356027e-03 -3.742594660434880172e-05
2.348348348348325548e-03 3.023903313481568489e-05
2.351351351351340605e-03 -2.821254604749393831e-06
2.354354354354359132e-03 -1.238848865299975974e-05
2.357357357357343832e-03 1.716896354982585043e-05
2.360360360360358890e-03 -1.776506202884793956e-05
2.363363363363377417e-03 1.220757155510436046e-05
2.366366366366357780e-03 -4.964168739037451608e-06
2.369369369369376740e-03 1.509399199524826504e-05
2.372372372372392232e-03 -4.380696168067762375e-05
2.375375375375361319e-03 5.723725305717408673e-05
2.378378378378391989e-03 -3.588734937191399166e-05
2.381381381381361077e-03 2.616406891290760324e-06
2.384384384384376568e-03 -7.025748358646666247e-07
2.387387387387395529e-03 2.705906464791259586e-05
2.390390390390375892e-03 -2.648153660148959071e-05
2.393393393393394419e-03 1.517708545713721510e-05
2.396396396396410344e-03 -3.879141434219116757e-05
2.399399399399378564e-03 4.796285011317754499e-05
2.402402402402412703e-03 -2.018014825111436039e-05
2.405405405405428628e-03 2.022639068262795453e-05
2.408408408408396848e-03 -5.066165950099824766e-05
2.411411411411427518e-03 4.920102655781022349e-05
2.414414414414395738e-03 -2.080362114694385772e-05
2.417417417417411663e-03 1.365397769959031393e-05
2.420420420420431925e-03 -8.336617254300904278e-06
2.423423423423411421e-03 -5.089908016249940395e-06
2.426426426426430815e-03 -5.753488860449351705e-06
2.429429429429446740e-03 1.469009960312443222e-05
2.432432432432414960e-03 -1.127284764497934153e-05
2.435435435435445630e-03 1.403189380747941509e-05
2.438438438438413416e-03 -1.032107824183725597e-05
2.441441441441429775e-03 2.013228580177717220e-06
2.444444444444463915e-03 6.974525896374927925e-06
2.447447447447431701e-03 -2.007802860859442262e-06
2.450450450450448060e-03 -1.141297913894353219e-05
2.453453453453467454e-03 -1.687664560412471815e-05
2.456456456456446516e-03 7.103838083185227980e-05
2.459459459459466344e-03 -7.671936778693340408e-05
2.462462462462482269e-03 2.716570774293399287e-05
2.465465465465450923e-03 -3.977696953594289653e-06
2.468468468468481593e-03 2.113949253394291000e-05
2.471471471471449379e-03 -1.897585756497714366e-05
2.474474474474465304e-03 2.456992184818318492e-06
2.477477477477485566e-03 -4.100791855421448417e-06
2.480480480480464194e-03 5.426301315688182761e-06
2.483483483483483589e-03 1.945869015991992873e-05
2.486486486486500381e-03 -1.896589668811306600e-05
2.489489489489482045e-03 -1.694667902881382210e-05
2.492492492492502307e-03 2.517074083119297256e-05
2.495495495495518665e-03 -1.441664963778658584e-05
2.498498498498486018e-03 2.021145605546337265e-06
2.501501501501517122e-03 1.710062978657873490e-05
2.504504504504484041e-03 -2.347657583593824521e-05
2.507507507507500833e-03 3.128515937570834023e-06
2.510510510510521962e-03 3.632451401225367249e-05
2.513513513513499723e-03 -4.430708957323577912e-05
2.516516516516519985e-03 -3.033422377507477563e-06
2.519519519519537211e-03 3.177979203687156950e-05
2.522522522522504130e-03 -1.769166575564066685e-05
2.525525525525534800e-03 1.898398892737536775e-05
2.528528528528501285e-03 -2.418764540975300653e-05
2.531531531531522414e-03 1.890454412271462156e-06
2.534534534534553085e-03 2.123204137941906916e-05
2.537537537537520003e-03 -1.373961552856665416e-05
2.540540540540537229e-03 9.215708904886099617e-07
2.543543543543557491e-03 2.482116505220233194e-06
2.546546546546534819e-03 -3.138521890377887757e-05
2.549549549549555514e-03 4.566928692195659778e-05
2.552552552552573607e-03 8.202816450679032228e-06
2.555555555555539659e-03 -6.139406949860297380e-05
2.558558558558571196e-03 3.047118103201758649e-05
2.561561561561537248e-03 3.564907406206074825e-05
2.564564564564554908e-03 -4.434030845956726807e-05
2.567567567567575603e-03 4.296758763233654577e-06
2.570570570570552497e-03 2.683777723366809198e-05
2.573573573573573192e-03 -3.917661935911217330e-05
2.576576576576593888e-03 4.379906517700445778e-05
2.579579579579570781e-03 -2.552326196791909751e-05
2.582582582582591477e-03 -5.694720087712212830e-07
2.585585585585609570e-03 -6.088018388676156953e-06
2.588588588588575188e-03 3.052017436514879034e-05
2.591591591591606725e-03 -4.708365108671563881e-05
2.594594594594573211e-03 4.717556661582023025e-05
2.597597597597590870e-03 -4.283910447414977096e-05
2.600600600600611999e-03 4.954515174659945842e-05
2.603603603603588026e-03 -2.557269507974524458e-05
2.606606606606609155e-03 -1.926815762913018298e-05
2.609609609609627248e-03 2.920099535626737369e-05
2.612612612612593300e-03 -3.828750117751411608e-05
2.615615615615624404e-03 6.366230756723230421e-05
2.618618618618645099e-03 -7.260787325794974812e-05
2.621621621621611584e-03 8.460763101207173498e-05
2.624624624624642688e-03 -1.013303147736621668e-04
2.627627627627608306e-03 1.014738302966833317e-04
2.630630630630627700e-03 -9.264418221022197031e-05
2.633633633633647528e-03 7.723929800344346553e-05
2.636636636636623555e-03 -8.343666004269796610e-05
2.639639639639643817e-03 9.176694077102827429e-05
2.642642642642663645e-03 -5.235856836094399114e-05
2.645645645645629263e-03 2.489483937987794698e-05
2.648648648648658632e-03 -2.064451506041583079e-05
2.651651651651627719e-03 -1.371742215172666590e-05
2.654654654654644078e-03 4.496707085503241086e-05
2.657657657657663472e-03 -3.743248035788700878e-05
2.660660660660646437e-03 -9.465155402672379443e-07
2.663663663663662796e-03 3.732452822191589803e-05
2.666666666666681323e-03 -2.891520417325210701e-05
2.669669669669661686e-03 1.802990509632470099e-06
2.672672672672680647e-03 -3.534755969421728839e-05
2.675675675675696571e-03 1.009945425802053902e-04
2.678678678678667394e-03 -1.081346718538137990e-04
2.681681681681695895e-03 5.728024856536487885e-05
2.684684684684661513e-03 -1.780985392585421323e-05
2.687687687687683510e-03 3.359814747542581170e-05
2.690690690690701603e-03 -4.953242411550225899e-05
2.693693693693677196e-03 3.416826590315243795e-05
2.696696696696694855e-03 -1.502763976161484474e-05
2.699699699699716852e-03 -1.939643845716432224e-05
2.702702702702682036e-03 4.465827601170720829e-05
2.705705705705713140e-03 -3.878150037728289590e-05
2.708708708708736004e-03 2.631976046559477217e-05
2.711711711711700321e-03 -5.822811463810732655e-06
2.714714714714727955e-03 4.479572424701909292e-06
2.717717717717701379e-03 -2.667492539210059022e-05
2.720720720720715569e-03 5.112074836392347532e-05
2.723723723723732795e-03 -8.501175572028785155e-05
2.726726726726717061e-03 7.223313501529086955e-05
2.729729729729734721e-03 -5.209022259045070768e-05
2.732732732732748044e-03 7.847833952823179970e-05
2.735735735735723203e-03 -5.794991096289928845e-05
2.738738738738749970e-03 6.932353376306228845e-06
2.741741741741714287e-03 -1.205944511125286131e-05
2.744744744744738885e-03 5.201169587939110517e-05
2.747747747747768254e-03 -7.149029810478897695e-05
2.750750750750732571e-03 8.477103875570435321e-05
2.753753753753758037e-03 -1.048284353581211830e-04
2.756756756756773962e-03 8.625765041851234094e-05
2.759759759759748254e-03 -3.278489937486028794e-05
2.762762762762763311e-03 -5.895356110100872890e-06
2.765765765765789211e-03 1.326408763446806915e-05
2.768768768768753528e-03 -9.748997662484271132e-07
2.771771771771779427e-03 -3.279656454302504187e-06
2.774774774774756755e-03 -2.635775741162878566e-05
2.777777777777769644e-03 6.212573601042474514e-05
2.780780780780785135e-03 -6.141164386500956574e-05
2.783783783783772437e-03 3.840106136128914460e-05
2.786786786786787495e-03 -4.021651574248608085e-05
2.789789789789799950e-03 7.472604195054206877e-05
2.792792792792791589e-03 -8.951683058115260372e-05
2.795795795795806213e-03 7.388962892888410728e-05
2.798798798798818235e-03 -4.823783741514375834e-05
2.801801801801796863e-03 8.649273205207919091e-06
2.804804804804821462e-03 -2.325801958432312795e-07
2.807807807807785345e-03 4.389278294958387505e-05
2.810810810810812979e-03 -9.352828895300054079e-05
2.813813813813828470e-03 9.372646994587618963e-05
2.816816816816801461e-03 -1.468432934833193390e-05
2.819819819819815217e-03 -2.661345813770310542e-05
2.822822822822843719e-03 -8.612315564615613539e-05
2.825825825825807169e-03 1.908408768341492698e-04
2.828828828828830466e-03 -1.060666312640752980e-04
2.831831831831811263e-03 -4.752895060907332681e-05
2.834834834834822417e-03 9.635037056939428645e-05
2.837837837837848751e-03 -7.117970462762930617e-05
2.840840840840829981e-03 3.240553711710466434e-05
2.843843843843841136e-03 3.372361948213627858e-05
2.846846846846854892e-03 -9.499162915934296358e-05
2.849849849849846097e-03 1.057465719710807688e-04
2.852852852852858986e-03 -6.566281844655463829e-05
2.855855855855869707e-03 -3.063469391347458430e-06
2.858858858858853106e-03 7.414061947959756105e-05
2.861861861861875536e-03 -1.100005946691832575e-04
2.864864864864838118e-03 9.118789935680382541e-05
2.867867867867868788e-03 -6.817242909621749880e-05
2.870870870870881678e-03 5.613861193036010644e-05
2.873873873873853801e-03 -1.246558246611092177e-05
2.876876876876866256e-03 -4.099325182949087321e-05
2.879879879879900396e-03 6.991338354482105877e-05
2.882882882882872519e-03 -5.672476816043214853e-05
2.885885885885884541e-03 -1.316221414053112862e-05
2.888888888888916078e-03 7.615745158418008032e-05
2.891891891891878660e-03 -6.759581388789588652e-05
2.894894894894899789e-03 -2.559707769952031603e-05
2.897897897897884489e-03 1.273673234091591557e-04
2.900900900900893909e-03 -1.043546256376259862e-04
2.903903903903906365e-03 -3.442242607339570515e-05
2.906906906906901039e-03 1.283506244765438562e-04
2.909909909909913061e-03 -1.042465587606973971e-04
2.912912912912922047e-03 -1.300231991852029978e-05
2.915915915915907614e-03 1.154434761225786588e-04
2.918918918918928743e-03 1.618962577272971620e-05
2.921921921921890892e-03 -2.047462915146051334e-04
2.924924924924926766e-03 1.640672306848500739e-04
2.927927927927947028e-03 -4.936260726159010648e-05
2.930930930930909176e-03 1.150328063440989904e-05
2.933933933933942449e-03 5.231220596198701134e-05
2.936936936936954037e-03 -1.588951207723473256e-04
2.939939939939925292e-03 1.822688192116098951e-04
2.942942942942936013e-03 -1.420888108019842941e-04
2.945945945945969719e-03 1.073940651640607340e-04
2.948948948948931868e-03 -7.693413264113028993e-05
2.951951951951952129e-03 7.901563474928726877e-06
2.954954954954940299e-03 5.769376147402027755e-05
2.957957957957947984e-03 -4.804912138360132456e-05
2.960960960960958271e-03 -5.074992943813564505e-05
2.963963963963955547e-03 1.581580688675051358e-04
2.966966966966966702e-03 -1.105090671990420075e-04
2.969969969969976555e-03 1.853952075947518097e-05
2.972972972972974266e-03 3.494175662412576149e-06
2.975975975975984553e-03 4.481155212943122024e-05
2.978978978978991804e-03 -1.660714624976596663e-04
2.981981981981981708e-03 1.181570198022507956e-04
2.984984984985000669e-03 1.634150826437993085e-04
2.987987987987962817e-03 -2.554871657472664319e-04
2.990990990990998258e-03 4.870160993479070310e-05
2.993993993994007678e-03 6.214090403962775633e-05
2.996996996996978500e-03 -1.592797159920185943e-04
2.999999999999987486e-03 4.046296664483861605e-04
